13  7  9  34  36  37  38  43  44  45  47  110  150  208
10    9  36  37  43  44  46  47  48  110  208
10    9  34  36  37  38  39  40  41  74  75
28    1  2  5  7  54  55  56  57  58  59  61  62  65  66  67  69  70  73  130  140  142  144  145  146  147  148  149  150
5    34  41  48  110  150
60    3  5  7  9  16  17  18  20  25  27  30  32  43  44  45  49  50  53  54  55  56  57  60  61  62  63  64  67  69  70  72  77  79  80  83  85  86  87  89  91  98  99  100  101  105  107  110  111  132  133  134  136  137  140  144  147  148  151  205  208
10    34  37  38  39  40  43  46  48  74  110
7    9  34  36  37  38  40  41
16    34  36  37  39  40  41  43  45  47  48  49  74  75  110  150  208
0
0
0
0
4    18  19  20  21
3    17  18  19
3    17  18  19
2    19  20
2    20  21
0
0
0
0
0
0
2    31  32
3    31  32  33
2    31  32
0
0
0
2    32  33
1    33
0
0
0
0
0
0
0
0
0
28    3  8  9  43  44  47  48  130  131  133  134  135  136  152  153  154  155  156  157  158  159  160  161  162  163  164  165  166
1    48
0
0
0
0
0
2    41  74
56    1  2  3  5  8  9  14  15  16  17  18  20  21  24  25  27  28  29  30  31  33  34  35  49  60  62  66  67  93  95  98  99  100  102  103  107  109  110  111  152  153  154  156  157  167  168  169  170  171  172  174  187  188  190  191  192
5    52  54  55  56  57
4    54  55  56  57
0
2    56  57
2    56  57
0
0
7    59  60  61  62  63  64  65
3    61  64  65
3    62  64  65
1    64
2    64  65
0
1    65
0
8    59  60  61  62  64  67  68  69
7    59  60  61  62  65  69  73
5    58  61  64  65  69
9    51  53  58  59  60  61  62  72  73
8    51  55  56  59  62  63  64  65
3    56  72  73
4    51  55  56  73
9    51  53  55  56  58  59  61  62  63
0
0
4    78  79  80  81
4    78  79  80  81
2    79  80
2    80  81
0
1    82
0
0
5    87  88  89  90  91
1    87
4    87  88  89  90
3    88  90  92
4    89  90  91  92
3    90  91  92
2    91  92
1    92
0
3    95  99  100
1    98
5    96  97  98  99  100
2    98  100
3    98  99  100
0
1    100
0
7    102  103  104  105  106  108  109
2    106  107
4    105  106  107  109
2    107  109
3    107  108  109
1    109
2    108  109
1    109
0
8    36  43  44  46  47  48  150  208
0
9    118  120  121  122  124  126  127  128  129
10    118  119  120  121  122  123  124  126  127  128
8    118  120  122  123  126  127  128  129
6    118  119  120  124  126  128
6    120  121  123  124  126  128
4    120  122  124  126
1    124
0
6    122  123  124  126  127  128
2    124  126
3    124  126  127
4    124  126  127  128
2    126  129
30    1  5  45  48  52  53  54  55  56  57  58  60  62  66  68  71  72  92  112  113  114  116  117  122  124  126  150  204  205  208
0
2    128  129
1    129
0
18    2  5  9  34  132  133  134  135  136  137  138  139  140  141  142  145  149  150
18    5  34  49  132  133  134  136  137  138  139  140  141  142  144  146  147  149  150
8    135  136  137  138  139  142  144  147
12    134  135  136  137  138  139  140  141  142  144  147  149
8    110  137  138  139  140  142  148  149
6    136  142  144  146  148  149
6    138  139  141  146  147  148
11    5  7  110  138  139  142  144  145  146  148  150
7    140  141  142  144  146  148  149
7    140  144  145  146  147  148  149
4    144  146  147  148
16    2  3  7  9  36  37  39  41  49  110  142  144  146  148  149  150
5    144  146  147  148  149
11    2  3  5  9  34  37  49  74  110  150  208
7    2  3  9  110  146  147  149
15    1  2  5  7  9  36  37  38  39  41  146  147  148  150  208
15    1  3  5  7  9  34  36  37  38  39  49  147  148  149  150
16    1  2  3  5  7  9  34  36  37  39  41  49  74  149  150  208
11    2  3  5  7  9  34  36  37  49  74  149
4    9  34  110  208
7    43  44  45  46  47  48  208
19    130  144  146  147  149  155  162  163  167  168  169  170  171  172  173  175  176  191  192
4    154  155  156  157
3    155  156  157
1    157
1    157
0
0
13    130  131  132  133  135  139  144  146  147  148  149  159  161
11    131  132  135  140  144  145  146  147  148  149  160
10    131  132  135  144  145  146  147  148  149  161
13    130  131  132  133  135  137  140  144  145  146  147  148  149
12    130  132  134  135  137  144  145  146  147  148  149  163
11    130  131  135  137  140  141  144  145  146  147  148
3    130  165  166
12    130  131  133  135  137  139  141  145  146  147  148  149
4    130  135  141  145
0
14    169  171  172  173  174  175  176  177  186  187  188  189  190  192
12    171  172  173  174  175  176  185  186  187  188  189  191
11    171  172  173  174  176  177  188  189  190  191  192
17    172  173  174  175  176  177  185  186  187  188  189  190  191  192  194  195  196
12    173  174  175  176  185  186  187  188  189  190  191  192
1    176
12    175  176  177  189  190  192  193  194  195  196  197  198
15    176  177  186  187  188  189  190  191  192  193  194  195  196  197  198
13    177  186  187  188  189  190  191  192  193  194  195  196  197
12    185  186  187  189  190  191  192  193  194  195  196  197
28    2  5  7  8  9  18  19  22  23  25  28  30  31  32  34  43  48  93  94  97  98  99  100  101  104  105  106  108
5    180  181  182  183  184
3    182  183  184
2    183  184
2    183  184
0
0
4    189  191  192  198
4    189  190  191  192
4    190  191  192  198
3    191  192  198
0
0
0
0
2    196  197
0
0
0
0
0
4    200  201  202  203
3    201  202  203
1    202
0
0
7    100  101  102  104  105  106  109
2    206  207
0
0
4    43  44  47  48
