        1208
       1       7       1    212.53821687     13.57109983      0.10000000
       1       9       1    782.96620199     84.21384527      0.10000000
       1       9       2    801.85343982    103.60023192      0.10000000
       1       9       3    804.23538101     99.31389135      0.10000000
       1      34       1   1011.32382808     86.46994106      0.10000000
       1      34       2   1023.48525285     96.20658680      0.10000000
       1      34       3   1023.05145764     93.99081764      0.10000000
       1      36       1   1273.47611290     84.15198547      0.10000000
       1      36       2   1282.79403810     82.85437432      0.10000000
       1      36       3   1284.24145960     83.40104409      0.10000000
       1      37       1   1264.25824440     75.56381577      0.10000000
       1      37       2   1274.52103562     74.74010776      0.10000000
       1      37       3   1271.33175426     75.26848476      0.10000000
       1      37       4   1402.67467265     94.73753325      0.10000000
       1      37       5   1401.88980516    100.31834097      0.10000000
       1      38       1   1305.59872531     57.87642155      0.10000000
       1      38       2   1309.47325929     57.25899230      0.10000000
       1      38       3   1311.76572665     57.52856145      0.10000000
       1      38       4   1395.00886816    107.34883968      0.10000000
       1      38       5   1417.04832877     78.60066911      0.10000000
       1      43       1    446.40975829    132.53526301      0.10000000
       1      44       1    474.83924100    130.56029816      0.10000000
       1      45       1    459.95771053    138.44073337      0.10000000
       1      47       1    464.02572920    143.20810977      0.10000000
       1     110       1    336.25370314     88.19644360      0.10000000
       1     150       1    349.64523684    131.23568225      0.10000000
       1     208       1    185.89636177    146.12675144      0.10000000
       2       9       1    252.63448563     82.20564189      0.10000000
       2      36       1    752.70185440     81.36201765      0.10000000
       2      37       1    744.16029245     74.72523844      0.10000000
       2      43       1    221.26525241    103.98367478      0.10000000
       2      44       1    213.33451422    113.31650612      0.10000000
       2      46       1    230.61935055    112.80233154      0.10000000
       2      47       1    249.88701299    108.31779159      0.10000000
       2      48       1    251.75669156    112.76824134      0.10000000
       2     110       1    202.24018738     69.76302245      0.10000000
       2     208       1    420.21762939    104.04235632      0.10000000
       3       9       1    407.37869771     92.00782779      0.10000000
       3      34       1    184.14021037     93.55621548      0.10000000
       3      36       1    197.63445533     28.78611290      0.10000000
       3      37       1    235.31770314     27.25795127      0.10000000
       3      38       1    308.01758809     42.67631205      0.10000000
       3      39       1    320.59985914     18.00307792      0.10000000
       3      40       1    351.86967656     12.27390182      0.10000000
       3      41       1    272.70779525      5.38012245      0.10000000
       3      74       1    372.65064906      1.97354650      0.10000000
       3      75       1    386.59958636     12.99071273      0.10000000
       4       1       1    212.56654395     28.10674873      0.10000000
       4       2       1    454.16950114     79.81412634      0.10000000
       4       5       1    823.07688581     12.39629055      0.10000000
       4       7       1    399.61295691      7.19672327      0.10000000
       4      54       1     79.64566263     78.94553902      0.10000000
       4      55       1     95.48939873     74.17620572      0.10000000
       4      56       1    150.22557634     79.88321032      0.10000000
       4      57       1    191.29023015     82.40676533      0.10000000
       4      58       1    103.18639335     27.50921485      0.10000000
       4      59       1    124.19278664     10.46428649      0.10000000
       4      61       1    135.64207813     13.71383024      0.10000000
       4      62       1    149.75365415     21.42672716      0.10000000
       4      65       1    248.38765353     45.43933995      0.10000000
       4      66       1    210.68312805     20.25989257      0.10000000
       4      67       1    203.42722250     35.00882653      0.10000000
       4      69       1    150.68937207     62.32991243      0.10000000
       4      70       1    232.64988971     79.81554386      0.10000000
       4      73       1    249.61094053     96.81237091      0.10000000
       4     130       1    679.79492011     22.51819032      0.10000000
       4     140       1    313.21673685     35.83014271      0.10000000
       4     142       1    446.79348729     57.12292990      0.10000000
       4     144       1    448.17867283     63.76746602      0.10000000
       4     145       1    207.09043577     44.02056906      0.10000000
       4     146       1    336.96919610     62.86560316      0.10000000
       4     147       1    349.13563518     78.38262113      0.10000000
       4     148       1    261.39087323     75.72008215      0.10000000
       4     149       1    226.40371030     95.49448897      0.10000000
       4     150       1    139.27406258    121.44769309      0.10000000
       5      34       1   1036.49286922    103.89862992      0.10000000
       5      41       1   1131.33854682    110.07802916      0.10000000
       5      41       2   1149.02931308    114.96712598      0.10000000
       5      41       3   1157.82720395    113.13041018      0.10000000
       5      41       4   1160.44358762     61.93011287      0.10000000
       5      41       5   1162.11328357     72.92141020      0.10000000
       5      48       1    871.70505840    173.29783543      0.10000000
       5      48       2   1031.50881713    113.03220961      0.10000000
       5      48       3   1044.63413588    116.88359189      0.10000000
       5     110       1    638.03896122    174.34209803      0.10000000
       5     150       1    898.68005752    151.57980110      0.10000000
       5     150       2    919.93614416    160.02211810      0.10000000
       5     150       3    934.39071790    167.23097099      0.10000000
       5     150       4   1181.60569247     79.86544294      0.10000000
       5     150       5   1185.32759647     89.99283326      0.10000000
       6       3       1   1102.57915932    119.74445570      0.10000000
       6       5       1    283.93420736     21.78294865      0.10000000
       6       7       1    314.97234329    121.35723925      0.10000000
       6       9       1    743.47518371    118.68319394      0.10000000
       6       9       2    743.40877248    124.65664136      0.10000000
       6       9       3    738.68946309    115.77086025      0.10000000
       6      16       1    749.83842436     50.91578022      0.10000000
       6      16       2    759.22412962     84.13179653      0.10000000
       6      16       3    757.98359659     78.84225951      0.10000000
       6      17       1    791.82242207     49.72768736      0.10000000
       6      18       1    768.54422852     64.92963624      0.10000000
       6      20       1    709.84105445     45.96446135      0.10000000
       6      25       1    769.08718917     46.34504641      0.10000000
       6      27       1    763.53342668     49.00922623      0.10000000
       6      30       1    803.70156923     67.89355051      0.10000000
       6      32       1    674.21079237     52.84418690      0.10000000
       6      43       1    648.84766774    157.74661275      0.10000000
       6      44       1    672.41932921    153.51412072      0.10000000
       6      45       1    670.05520005    164.26016037      0.10000000
       6      49       1   1133.73702005     83.72609654      0.10000000
       6      50       1   1103.90463244     93.10967939      0.10000000
       6      53       1    584.13931332    178.73789625      0.10000000
       6      54       1    575.45721936    174.09664131      0.10000000
       6      55       1    564.69214499    168.76170024      0.10000000
       6      56       1    581.24093690    150.02178928      0.10000000
       6      56       2    592.56841478    143.38656676      0.10000000
       6      56       3    612.22505343    177.65476756      0.10000000
       6      57       1    564.82637080    148.46193161      0.10000000
       6      57       2    595.50859852    148.10520178      0.10000000
       6      57       3    604.62199592    178.23745330      0.10000000
       6      60       1    468.02839940    161.99465672      0.10000000
       6      61       1    456.62001381    174.60906656      0.10000000
       6      62       1    446.17550375    177.68630308      0.10000000
       6      63       1    447.92979480    167.31099754      0.10000000
       6      64       1    459.22825924    153.49500153      0.10000000
       6      67       1    425.98496993    162.75763035      0.10000000
       6      69       1    529.40406209    149.52964081      0.10000000
       6      69       2    556.58910901    152.47137082      0.10000000
       6      69       3    562.58898566    168.90467813      0.10000000
       6      70       1    530.71022744    166.56383020      0.10000000
       6      72       1    659.52294288    162.95157787      0.10000000
       6      72       2    697.62597845    151.73160952      0.10000000
       6      72       3    716.50454634    179.11475754      0.10000000
       6      77       1    142.28208318     15.95701239      0.10000000
       6      79       1    236.65323002    110.35180602      0.10000000
       6      80       1    144.65129050    150.54975183      0.10000000
       6      83       1    307.20301112    130.53897630      0.10000000
       6      85       1    368.13412081    138.35919318      0.10000000
       6      86       1    365.82784610    169.07350834      0.10000000
       6      87       1    459.64347581    171.86345393      0.10000000
       6      89       1    588.25227702    149.49526904      0.10000000
       6      89       2    588.81861758    143.61918505      0.10000000
       6      89       3    615.59772907    177.79476718      0.10000000
       6      91       1    469.09878586    170.66484989      0.10000000
       6      98       1    648.98395481     63.54627328      0.10000000
       6      99       1    520.33393294     95.96939744      0.10000000
       6     100       1    491.82753150    112.32813811      0.10000000
       6     101       1    490.83734918    112.33338125      0.10000000
       6     105       1    485.75780135    127.31691736      0.10000000
       6     107       1    670.36962893    112.17662035      0.10000000
       6     110       1    457.63921156    172.13661398      0.10000000
       6     111       1    503.52720755     66.11285381      0.10000000
       6     132       1    243.28260979     93.47703748      0.10000000
       6     133       1    199.49873683    106.37005384      0.10000000
       6     134       1    126.61982118    149.12329643      0.10000000
       6     136       1    384.91803620    107.83381726      0.10000000
       6     137       1    231.16940136    148.94093081      0.10000000
       6     140       1    295.45488250    177.36768463      0.10000000
       6     144       1    532.22516749    150.67186722      0.10000000
       6     147       1    526.55932214    125.05110440      0.10000000
       6     148       1    506.27793423    173.42649109      0.10000000
       6     151       1    426.68559990     72.11556842      0.10000000
       6     205       1    525.57539572    170.95485319      0.10000000
       6     208       1    547.37906263    174.00423041      0.10000000
       7      34       1   1018.21812291     96.87044983      0.10000000
       7      37       1   1256.19176893     76.37168866      0.10000000
       7      37       2   1327.61011809    101.51147468      0.10000000
       7      37       3   1332.29234803     92.67732709      0.10000000
       7      38       1   1293.92124450     58.27701988      0.10000000
       7      38       2   1322.86715618    106.41235161      0.10000000
       7      38       3   1351.56399189     75.34351238      0.10000000
       7      39       1   1282.99369554    106.42383361      0.10000000
       7      39       2   1283.47895683     48.19584081      0.10000000
       7      39       3   1328.59176503     73.17496767      0.10000000
       7      40       1   1257.95980481    101.63342606      0.10000000
       7      40       2   1298.65366881     42.96932654      0.10000000
       7      40       3   1320.71128074     74.51425010      0.10000000
       7      43       1    587.02074116    137.29233945      0.10000000
       7      46       1    613.97672788    144.99108931      0.10000000
       7      48       1    617.34160635    152.10612375      0.10000000
       7      74       1   1185.20507608     96.41289282      0.10000000
       7      74       2   1265.27227386     55.50154092      0.10000000
       7      74       3   1268.92010425     63.64279183      0.10000000
       7     110       1    442.33940053    142.40817234      0.10000000
       8       9       1    529.04358998    163.48305287      0.10000000
       8      34       1    557.24156759    169.58551716      0.10000000
       8      36       1    532.31878869    117.57568062      0.10000000
       8      37       1    490.17969595    114.89093838      0.10000000
       8      38       1    464.87664111    115.69418852      0.10000000
       8      40       1    392.75963875    110.59938149      0.10000000
       8      41       1    388.67311827    122.13684874      0.10000000
       9      34       1    225.52191264     87.42699975      0.10000000
       9      36       1    516.68979689     78.83290078      0.10000000
       9      37       1    511.07999899     72.70112414      0.10000000
       9      39       1    546.07735978     44.49629354      0.10000000
       9      40       1    560.52181931     37.28658676      0.10000000
       9      41       1    476.80899612     41.84208738      0.10000000
       9      43       1    442.54711932     91.56856610      0.10000000
       9      45       1    451.93706800     96.71598402      0.10000000
       9      47       1    463.58559899    100.05446612      0.10000000
       9      48       1    462.66172907    104.64830416      0.10000000
       9      49       1    412.66773173     76.88992816      0.10000000
       9      74       1    548.82325218     31.83845877      0.10000000
       9      75       1    533.19540292     35.71388919      0.10000000
       9     110       1    448.85252139     78.51174938      0.10000000
       9     150       1    611.81697011     74.66680794      0.10000000
       9     150       2    657.74381611    127.33595310      0.10000000
       9     150       3    656.16778354    125.47621606      0.10000000
       9     208       1    679.21765637    104.27783905      0.10000000
      14      18       1    225.24682880    108.59773467      0.10000000
      14      19       1    191.58995956    125.06771375      0.10000000
      14      20       1    121.97422619    121.79889717      0.10000000
      14      21       1     77.51686338    119.09166797      0.10000000
      15      17       1    122.25993009    100.46245458      0.10000000
      15      18       1    148.49317564    118.05587013      0.10000000
      15      19       1    126.27752858    147.67754204      0.10000000
      16      17       1     98.54423095    106.96460133      0.10000000
      16      18       1    128.34772570    126.90834539      0.10000000
      16      19       1    119.71229401    160.48049525      0.10000000
      17      19       1     93.91275132    146.18577638      0.10000000
      17      20       1     99.64235444     96.31081234      0.10000000
      18      20       1     99.96228645     65.49899206      0.10000000
      18      21       1    146.59321038     62.68084072      0.10000000
      25      31       1    210.67794037    121.41662114      0.10000000
      25      32       1     93.41511208    125.42410106      0.10000000
      26      31       1    194.28265850    116.18790212      0.10000000
      26      32       1     67.98814885    113.39485594      0.10000000
      26      33       1    106.93893584      1.32587217      0.10000000
      27      31       1    192.94110415    120.49435456      0.10000000
      27      32       1     85.44512669    114.50759205      0.10000000
      31      32       1    228.40013478     65.73547541      0.10000000
      31      33       1    288.82177371     25.54032114      0.10000000
      32      33       1    141.67800819     28.16713213      0.10000000
      42       3       1    381.13768157    157.16355284      0.10000000
      42       8       1    253.06308899     52.06254338      0.10000000
      42       9       1    495.52957470    147.73517292      0.10000000
      42      43       1    914.20291895     94.12594197      0.10000000
      42      44       1    898.39512781    103.80378008      0.10000000
      42      47       1    932.60835735    101.72495245      0.10000000
      42      48       1    935.07268418    106.26068007      0.10000000
      42     130       1    823.12051746     46.54908266      0.10000000
      42     131       1    883.66136515     75.09179568      0.10000000
      42     133       1    755.07572183     86.33473858      0.10000000
      42     134       1    871.04050774     88.05589733      0.10000000
      42     135       1    660.64507008    104.75867774      0.10000000
      42     136       1    588.97623966    103.97514212      0.10000000
      42     152       1    298.61886177    156.62599262      0.10000000
      42     153       1    289.29766071    161.76723573      0.10000000
      42     154       1    286.87810157    172.19901512      0.10000000
      42     155       1    275.02203033    177.39932125      0.10000000
      42     156       1    299.30833055    178.01968260      0.10000000
      42     157       1    329.33710823    167.82615829      0.10000000
      42     158       1    409.55835238    159.17309259      0.10000000
      42     159       1    367.68129044    164.29739767      0.10000000
      42     160       1    425.12330369    157.66614981      0.10000000
      42     161       1    377.36535176    157.34432461      0.10000000
      42     162       1    402.12209739    157.27193708      0.10000000
      42     163       1    328.32822568    155.78565055      0.10000000
      42     164       1    397.53392216    166.01671770      0.10000000
      42     165       1    354.13779446    162.47296944      0.10000000
      42     166       1    332.54323057    152.90576092      0.10000000
      43      48       1     51.14305365    159.00465296      0.10000000
      49      41       1    327.93999718      5.06247474      0.10000000
      49      74       1    428.21724068      1.92608587      0.10000000
      50       1       1   1148.07458760     74.73985672      0.10000000
      50       1       2   1174.89966559     95.97661767      0.10000000
      50       1       3   1172.80947934     92.59300919      0.10000000
      50       2       1    618.34119005     87.60237693      0.10000000
      50       3       1     85.95133394     13.28206456      0.10000000
      50       5       1   1189.83475977      7.68913066      0.10000000
      50       5       2   1359.01277684     59.89795560      0.10000000
      50       5       3   1362.73783838     51.47359578      0.10000000
      50       8       1    622.62905969     29.11823934      0.10000000
      50       9       1    373.95971481     79.99542808      0.10000000
      50      14       1    803.44603184     48.64745946      0.10000000
      50      14       2    898.35485779      9.98076514      0.10000000
      50      14       3    912.12024615     12.63389782      0.10000000
      50      15       1    736.09917602     34.55457241      0.10000000
      50      15       2    889.09923567     11.91391151      0.10000000
      50      15       3    892.99130118      9.27358329      0.10000000
      50      16       1    729.20998078     26.84929364      0.10000000
      50      17       1    660.47893276     13.19540917      0.10000000
      50      18       1    609.75953793     18.89657208      0.10000000
      50      20       1    683.12822044     38.42094725      0.10000000
      50      21       1    730.40003590     40.40060272      0.10000000
      50      21       2    865.27987861      8.62477791      0.10000000
      50      21       3    870.87059733      5.17293542      0.10000000
      50      24       1    709.46120331     22.59425803      0.10000000
      50      25       1    679.69149845     20.51349813      0.10000000
      50      27       1    658.99485460     21.58384256      0.10000000
      50      28       1    631.00745814     15.59441279      0.10000000
      50      29       1    619.73799770     13.17379237      0.10000000
      50      30       1    594.28578480      4.10410529      0.10000000
      50      31       1    516.94648297      8.11026377      0.10000000
      50      33       1    759.76777376     11.52985107      0.10000000
      50      34       1    165.66765818     61.57710023      0.10000000
      50      35       1    855.78395229     29.40594540      0.10000000
      50      49       1     47.63928559     43.69207986      0.10000000
      50      60       1   1061.89670997     83.04960185      0.10000000
      50      60       2   1059.68586789     82.14212324      0.10000000
      50      60       3   1064.26964261     80.95988408      0.10000000
      50      62       1   1005.40602579     71.08841214      0.10000000
      50      66       1   1121.27123735     65.96967698      0.10000000
      50      66       2   1138.99766487     94.32954548      0.10000000
      50      66       3   1140.58879082     84.00144599      0.10000000
      50      67       1    976.80069761     63.60418249      0.10000000
      50      93       1    899.82720478     44.16831512      0.10000000
      50      93       2    996.87569706     20.51995501      0.10000000
      50      93       3   1014.22659377     22.10741456      0.10000000
      50      95       1    748.40071398     44.80727725      0.10000000
      50      95       2    859.91428934      3.24616714      0.10000000
      50      95       3    870.11139131      2.00818413      0.10000000
      50      98       1    661.07573675     61.92500556      0.10000000
      50      98       2    772.09558489      5.71534712      0.10000000
      50      98       3    775.34616377      6.96308896      0.10000000
      50      99       1    664.69174863     20.84950081      0.10000000
      50      99       2    681.09574640     52.92271817      0.10000000
      50      99       3    683.38265988     29.38030326      0.10000000
      50     100       1    616.47221809     49.99245682      0.10000000
      50     102       1    374.61707121     74.28156631      0.10000000
      50     103       1    427.59056171     62.49445191      0.10000000
      50     107       1    454.43346662     89.91948221      0.10000000
      50     109       1    615.63768775     87.68824968      0.10000000
      50     110       1    813.37012937     70.13607239      0.10000000
      50     111       1    842.88126314     32.24999189      0.10000000
      50     111       2    845.87889552     46.22452448      0.10000000
      50     111       3    856.55477066     69.54090272      0.10000000
      50     111       4    859.25200340     64.44976089      0.10000000
      50     111       5    868.74391715     35.02318140      0.10000000
      50     152       1    171.41812955     10.46574019      0.10000000
      50     153       1    172.26042374      3.85349638      0.10000000
      50     154       1    170.32268046      9.40555690      0.10000000
      50     156       1    161.78014404     19.52008496      0.10000000
      50     157       1    194.91472062     55.51912451      0.10000000
      50     167       1    391.91752562     15.47336473      0.10000000
      50     168       1    339.20107324     15.21748884      0.10000000
      50     169       1    332.11062758     26.71457109      0.10000000
      50     170       1    289.36894259     38.27161070      0.10000000
      50     171       1    237.27841376      0.66419933      0.10000000
      50     172       1    175.25554287     20.95937425      0.10000000
      50     174       1     88.28158365     22.28012348      0.10000000
      50     187       1     51.10349533     15.89588377      0.10000000
      50     188       1     67.95715835     28.57300484      0.10000000
      50     190       1    127.95889549     57.79646356      0.10000000
      50     191       1    176.22611599     59.42278094      0.10000000
      50     192       1    212.55036222     57.66913501      0.10000000
      51      52       1     42.85759760     75.21762691      0.10000000
      51      54       1     94.38981163     69.26777040      0.10000000
      51      55       1    116.52681512     67.00377049      0.10000000
      51      56       1    166.94748084     74.52280923      0.10000000
      51      57       1    203.60853327     77.50564718      0.10000000
      52      54       1     51.56364690     67.15108362      0.10000000
      52      55       1     71.24220750     62.99348196      0.10000000
      52      56       1    121.58781289     74.05783753      0.10000000
      52      57       1    162.90232983     77.80904876      0.10000000
      54      56       1     69.67534932     77.34806649      0.10000000
      54      57       1    109.56581122     81.22832275      0.10000000
      55      56       1     54.49904946     85.57085808      0.10000000
      55      57       1     94.22386845     86.75157837      0.10000000
      58      59       1     40.83623686     43.04204392      0.10000000
      58      60       1     60.50833543     52.52907378      0.10000000
      58      61       1     92.57278134     68.17731310      0.10000000
      58      62       1    115.41077499     70.10621641      0.10000000
      58      63       1    145.43707619     72.61964170      0.10000000
      58      64       1    201.63466214     72.89952096      0.10000000
      58      65       1    257.16073673     70.12001037      0.10000000
      59      61       1     54.66372080     84.52434228      0.10000000
      59      64       1    161.64034260     79.14636972      0.10000000
      59      65       1    219.78485140     75.68040473      0.10000000
      60      62       1     60.32144334     83.32427005      0.10000000
      60      64       1    145.73837206     79.74600978      0.10000000
      60      65       1    199.33898629     76.42097704      0.10000000
      61      64       1    109.89453075     77.01741083      0.10000000
      62      64       1     87.14474926     78.76891254      0.10000000
      62      65       1    140.53176150     76.94725927      0.10000000
      64      65       1     57.73050281     85.43909894      0.10000000
      66      59       1     85.95017275    167.65811918      0.10000000
      66      60       1     87.52411002    154.71304263      0.10000000
      66      61       1    103.01526910    137.01292127      0.10000000
      66      62       1    116.41185986    125.56876683      0.10000000
      66      64       1    191.70039365    100.46696540      0.10000000
      66      67       1    148.55645999    100.98588091      0.10000000
      66      68       1    171.53008222    167.60754597      0.10000000
      66      69       1    214.46515044    123.10533637      0.10000000
      67      59       1    134.54197338    116.55133321      0.10000000
      67      60       1    114.94191002    115.83661855      0.10000000
      67      61       1     85.48523950    121.65953886      0.10000000
      67      62       1     59.29516942    125.26221829      0.10000000
      67      65       1     97.84636939     99.84101324      0.10000000
      67      69       1    105.28849176    155.60095234      0.10000000
      67      73       1    276.40588381    160.84482363      0.10000000
      68      58       1     71.34389854     35.11580157      0.10000000
      68      61       1    104.76096692     24.98511789      0.10000000
      68      64       1    191.57157516     52.90191298      0.10000000
      68      65       1    237.90000264     53.38521792      0.10000000
      68      69       1    150.30832898     76.44823639      0.10000000
      69      51       1    171.75872377    123.80742883      0.10000000
      69      53       1    115.50935379    132.36906149      0.10000000
      69      58       1    189.47759124     87.77872333      0.10000000
      69      59       1    163.27122666     79.23946777      0.10000000
      69      60       1    145.50168307     73.40321269      0.10000000
      69      61       1    113.34144691     62.15843525      0.10000000
      69      62       1     97.27909447     49.17983783      0.10000000
      69      72       1    154.69411064    179.12677408      0.10000000
      69      73       1    173.60985378    151.90286411      0.10000000
      70      51       1    247.04925883    107.10458328      0.10000000
      70      55       1    135.12539021    107.37688466      0.10000000
      70      56       1     77.97575013    109.68267340      0.10000000
      70      59       1    258.04718424     80.03019885      0.10000000
      70      62       1    186.90432900     58.25906711      0.10000000
      70      63       1    169.45887338     49.25186816      0.10000000
      70      64       1    133.03500461     39.54056468      0.10000000
      70      65       1    104.81615039     30.75344533      0.10000000
      71      56       1    117.02678150     65.65690601      0.10000000
      71      72       1     75.02128449    121.58393641      0.10000000
      71      73       1    201.33372809     95.15744563      0.10000000
      72      51       1    123.21796529     64.76945095      0.10000000
      72      55       1     91.86212747      4.27690949      0.10000000
      72      56       1    111.93588858     26.44251820      0.10000000
      72      73       1    139.60737076     78.26906189      0.10000000
      73      51       1    257.19783259     73.96045125      0.10000000
      73      53       1    209.81702780     68.57513669      0.10000000
      73      55       1    174.47312040     63.03697732      0.10000000
      73      56       1    129.76424196     54.28081589      0.10000000
      73      58       1    338.68282185     61.02631641      0.10000000
      73      59       1    326.87257738     65.50480051      0.10000000
      73      61       1    285.89671124     52.40074631      0.10000000
      73      62       1    274.97734484     43.73064731      0.10000000
      73      63       1    264.61380903     33.82881214      0.10000000
      76      78       1    239.99949917    169.20143789      0.10000000
      76      79       1    361.77433792    141.96897687      0.10000000
      76      80       1    351.81282328    163.85967974      0.10000000
      76      81       1    430.58448125    120.66988150      0.10000000
      77      78       1    118.95675570    153.42237687      0.10000000
      77      79       1    242.06574835    134.48014050      0.10000000
      77      80       1    215.68825119    169.77947239      0.10000000
      77      81       1    288.32950732    122.80991705      0.10000000
      78      79       1    124.69564716    130.50527972      0.10000000
      78      80       1    113.06665019    146.69878309      0.10000000
      79      80       1    131.43600338     89.84983135      0.10000000
      79      81       1    283.77390434     77.01242578      0.10000000
      81      82       1    133.07867436    156.73598520      0.10000000
      84      87       1    191.42737430    172.03174235      0.10000000
      84      88       1    319.01142118    152.23951770      0.10000000
      84      89       1    322.20316730    143.38691278      0.10000000
      84      90       1    406.33386379    176.03768328      0.10000000
      84      91       1    276.55873143    165.65831527      0.10000000
      85      87       1    132.78093102    168.42851451      0.10000000
      86      87       1    165.36791741    140.06072673      0.10000000
      86      88       1    287.44478243    144.53841413      0.10000000
      86      89       1    236.02170368    162.25490311      0.10000000
      86      90       1    363.14792477    179.58038981      0.10000000
      87      88       1    127.64684238    150.07938050      0.10000000
      87      90       1    211.81514208    175.48376236      0.10000000
      87      92       1    288.14397851     52.63000136      0.10000000
      88      89       1    151.92476784     90.64623152      0.10000000
      88      90       1    125.48976805    143.99852578      0.10000000
      88      91       1    250.81003017     62.84202787      0.10000000
      88      92       1    385.96896426     35.96825973      0.10000000
      89      90       1    158.40059925    148.24039063      0.10000000
      89      91       1    123.70504905     37.80901713      0.10000000
      89      92       1    268.94810403     25.90063315      0.10000000
      90      91       1    281.84457347     37.95373898      0.10000000
      90      92       1    425.37466769     26.59340401      0.10000000
      91      92       1    145.40166482     24.02776994      0.10000000
      93      95       1    153.46914817    151.62059972      0.10000000
      93      99       1    350.02790333    169.62146541      0.10000000
      93     100       1    473.96945189    160.06061735      0.10000000
      94      98       1    288.02674784    127.68593262      0.10000000
      95      96       1    154.84832920     89.14826148      0.10000000
      95      97       1    270.42231390     96.68634254      0.10000000
      95      98       1    102.81576638    154.09718917      0.10000000
      95      99       1    216.58234765    158.60596337      0.10000000
      95     100       1    344.72435732    155.61866561      0.10000000
      96      98       1    223.38642502    117.83858771      0.10000000
      96     100       1    359.32117814    167.85460104      0.10000000
      97      98       1    326.65891451    109.87379186      0.10000000
      97      99       1    300.30615978    140.35791075      0.10000000
      97     100       1    358.38840097    159.77189839      0.10000000
      99     100       1    126.14608111    151.03323212      0.10000000
     101     102       1    296.94625352     85.28759932      0.10000000
     101     103       1    191.41002924    127.90323359      0.10000000
     101     104       1    144.40198579    178.13184382      0.10000000
     101     105       1    154.55134325    134.72111562      0.10000000
     101     106       1    341.36352342    138.18691068      0.10000000
     101     108       1    315.18060364    126.57244543      0.10000000
     101     109       1    289.51437841    142.11672886      0.10000000
     102     106       1    159.19733724    169.54967296      0.10000000
     102     107       1    213.67177004    135.07300114      0.10000000
     103     105       1    216.56014322     79.60088657      0.10000000
     103     106       1    147.72240105    136.71239580      0.10000000
     103     107       1     88.64732164    152.96069285      0.10000000
     103     109       1    256.14744048    119.24393493      0.10000000
     104     107       1    115.05544169    118.45565741      0.10000000
     104     109       1    149.42358583    137.54397819      0.10000000
     105     107       1    182.60854985    108.67966069      0.10000000
     105     108       1    161.62427962    123.22239263      0.10000000
     105     109       1    167.03890865    157.23661625      0.10000000
     106     109       1    355.01167686    104.29369701      0.10000000
     107     108       1    306.61551214     93.78789852      0.10000000
     107     109       1    179.72885137    110.34391803      0.10000000
     108     109       1    177.92602417    130.52599700      0.10000000
     110      36       1    944.39286677     82.90703064      0.10000000
     110      43       1    188.85678580    157.91626697      0.10000000
     110      44       1    211.23947391    153.34291681      0.10000000
     110      46       1    223.61957679    163.97224980      0.10000000
     110      47       1    222.48096878    172.19412192      0.10000000
     110      48       1    231.25209168    173.49854531      0.10000000
     110     150       1    263.37142998    147.53340565      0.10000000
     110     208       1    244.40839525    112.43856516      0.10000000
     112     118       1     43.94277193    159.86996328      0.10000000
     112     120       1     85.65727050    147.35789175      0.10000000
     112     121       1     80.55291538    129.61667868      0.10000000
     112     122       1     68.18701114    102.29879300      0.10000000
     112     124       1     97.37127076     67.41909487      0.10000000
     112     126       1    160.92188045     37.49707296      0.10000000
     112     127       1    102.13702509     26.17316269      0.10000000
     112     128       1    139.12178375     87.88795203      0.10000000
     112     129       1    103.49184528     19.51165672      0.10000000
     113     118       1     40.12753573    165.36553210      0.10000000
     113     119       1     58.13852351    131.88319369      0.10000000
     113     120       1     78.04155427    148.92901492      0.10000000
     113     121       1     80.33881876    129.89350323      0.10000000
     113     122       1     63.65236828    100.95470353      0.10000000
     113     123       1     53.11481087    114.34372899      0.10000000
     113     124       1     93.18242359     65.16493349      0.10000000
     113     126       1    162.57337926     36.19784238      0.10000000
     113     127       1    101.53524660     24.00128276      0.10000000
     113     128       1    144.85075987      1.50583777      0.10000000
     114     118       1     39.58908667    156.01205216      0.10000000
     114     120       1     80.33353269    144.89215841      0.10000000
     114     122       1     69.88630766     98.97477264      0.10000000
     114     123       1     54.85619819    110.66434675      0.10000000
     114     126       1    167.22593191     37.69174019      0.10000000
     114     127       1    104.92029709     26.79564776      0.10000000
     114     128       1    142.97325009    133.95139288      0.10000000
     114     129       1    107.60358922     17.85098433      0.10000000
     115     118       1     33.48949745    171.82345791      0.10000000
     115     119       1     46.44441285    137.74786782      0.10000000
     115     120       1     64.81869897    157.94930212      0.10000000
     115     124       1     84.22216806     55.76080645      0.10000000
     115     126       1    163.88893899     31.50596344      0.10000000
     115     128       1    153.89298071      1.88171317      0.10000000
     116     120       1     62.79185315    152.29944819      0.10000000
     116     121       1     65.02421315    128.49924088      0.10000000
     116     123       1     35.97519645    104.87672948      0.10000000
     116     124       1     90.16185099     54.30011040      0.10000000
     116     126       1    170.83786653     32.16830981      0.10000000
     116     128       1    159.98606818      0.81585161      0.10000000
     117     120       1     56.59400627    155.04263522      0.10000000
     117     122       1     49.51944058     87.39713461      0.10000000
     117     124       1     91.17797633     51.40910639      0.10000000
     117     126       1    173.82057030     30.64779124      0.10000000
     118     124       1    113.33081126     42.21643004      0.10000000
     120     122       1     54.16152095     17.80062379      0.10000000
     120     123       1     46.08931492      3.39322982      0.10000000
     120     124       1    111.56189793     19.39845798      0.10000000
     120     126       1    218.70527225     18.73774840      0.10000000
     120     127       1    168.98667904     98.09553134      0.10000000
     120     128       1    214.53432971      5.83748720      0.10000000
     121     124       1     92.17216908     13.54464456      0.10000000
     121     126       1    204.40849011     97.71554621      0.10000000
     122     124       1     55.81955015     22.28662047      0.10000000
     122     126       1    167.94623612    132.85902572      0.10000000
     122     127       1    121.96663396      5.68164986      0.10000000
     123     124       1     74.96288006     30.34809933      0.10000000
     123     126       1    176.52839133     18.70215957      0.10000000
     123     127       1    126.58427983      1.91928360      0.10000000
     123     128       1    173.73467895      9.51355873      0.10000000
     124     126       1    114.85646806      2.62433915      0.10000000
     124     129       1    147.39996197     53.75082736      0.10000000
     125       1       1    512.76392163     20.02063992      0.10000000
     125       5       1   1103.87250501      8.37798863      0.10000000
     125       5       2   1119.32337564     11.79583783      0.10000000
     125       5       3   1142.94719814      9.09118569      0.10000000
     125       5       4   1291.65883485      6.24559644      0.10000000
     125       5       5   1301.81572537      7.24429064      0.10000000
     125      45       1    291.01024018     30.67387156      0.10000000
     125      48       1    266.35937975     38.93070839      0.10000000
     125      52       1    295.31459866      9.91954945      0.10000000
     125      53       1    304.46937713      6.27565194      0.10000000
     125      54       1    312.31428409      1.97541318      0.10000000
     125      55       1    328.32819439      6.68669773      0.10000000
     125      56       1    344.65030516     19.06299212      0.10000000
     125      57       1    365.00939632     15.87922796      0.10000000
     125      58       1    407.33981046     13.86594958      0.10000000
     125      60       1    437.57300750      5.37482644      0.10000000
     125      62       1    443.71996687      4.46642961      0.10000000
     125      66       1    518.41329914     16.78657973      0.10000000
     125      68       1    346.57395739      8.23960548      0.10000000
     125      71       1    284.16913881      8.35119035      0.10000000
     125      72       1    234.31456449      5.73481332      0.10000000
     125      92       1    553.73633953      7.92483959      0.10000000
     125     112       1    100.76528947     41.70132885      0.10000000
     125     113       1     97.41653433     40.93229611      0.10000000
     125     114       1     99.72183971     44.99264556      0.10000000
     125     116       1     79.48515685     40.23308973      0.10000000
     125     117       1     75.17532294     38.80831297      0.10000000
     125     122       1     59.50623832      2.35321312      0.10000000
     125     124       1    112.74866271     10.14566587      0.10000000
     125     126       1    228.29167957     12.01772751      0.10000000
     125     150       1    213.64280918      7.95074947      0.10000000
     125     204       1    262.14115020     11.86809900      0.10000000
     125     205       1    374.08220361      5.46348746      0.10000000
     125     208       1    344.33754380      6.56548326      0.10000000
     127     128       1     56.75637710     29.55426861      0.10000000
     127     129       1     76.34155032     79.46725414      0.10000000
     128     129       1     68.13600558    122.49127609      0.10000000
     130       2       1    615.24109878    170.66850502      0.10000000
     130       2       2    644.08997752    122.78260798      0.10000000
     130       2       3    642.47394556    135.62175974      0.10000000
     130       5       1    180.80299281      6.18772549      0.10000000
     130       9       1    665.35053257    137.97390861      0.10000000
     130      34       1    849.39574800    103.89479577      0.10000000
     130     132       1    114.64955165    131.59659771      0.10000000
     130     133       1    135.74284865    160.10448119      0.10000000
     130     134       1    192.26440606    146.02416168      0.10000000
     130     135       1    201.24024301    145.35338736      0.10000000
     130     136       1    273.75221145    130.81750538      0.10000000
     130     137       1    251.22830804    172.78917127      0.10000000
     130     138       1    379.60477711    142.39474709      0.10000000
     130     139       1    321.65461002    172.87929875      0.10000000
     130     140       1    363.99599787    158.68070474      0.10000000
     130     141       1    431.74711291    157.08609015      0.10000000
     130     142       1    470.04610290    158.81586574      0.10000000
     130     145       1    515.04003324    142.07463196      0.10000000
     130     149       1    621.87849074    167.68937920      0.10000000
     130     150       1    739.87455603    151.47800686      0.10000000
     130     150       2    768.66125821    160.64015969      0.10000000
     130     150       3    781.05265744    166.91117286      0.10000000
     130     150       4   1015.99810939     79.67427525      0.10000000
     130     150       5   1019.68218872     93.94140252      0.10000000
     131       5       1    195.75737079     17.92088377      0.10000000
     131      34       1    905.07550225    102.09744076      0.10000000
     131      49       1   1093.57854897     86.11407918      0.10000000
     131     132       1    175.18280844    104.43162718      0.10000000
     131     133       1    149.63758996    128.13582539      0.10000000
     131     134       1    142.14033240    173.26825967      0.10000000
     131     136       1    330.19336914    119.84407774      0.10000000
     131     137       1    229.63789145    172.23841621      0.10000000
     131     138       1    414.04214844    126.80633505      0.10000000
     131     139       1    303.59662320    177.87690186      0.10000000
     131     140       1    327.23437874    170.28162405      0.10000000
     131     141       1    446.90750594    134.01941009      0.10000000
     131     142       1    465.33285274    153.32307207      0.10000000
     131     144       1    519.42240570    162.41289686      0.10000000
     131     146       1    486.36870114    133.38253362      0.10000000
     131     147       1    530.61341193    126.70370224      0.10000000
     131     149       1    607.52888083    168.02675184      0.10000000
     131     150       1    722.91747142    151.67154020      0.10000000
     131     150       2    725.12350911    159.63668987      0.10000000
     131     150       3    759.04867646    168.88451285      0.10000000
     131     150       4   1016.23477242     81.32278287      0.10000000
     131     150       5   1017.67781595     85.85612597      0.10000000
     132     135       1     87.12600005    151.87859278      0.10000000
     132     136       1    159.09790619    129.89828817      0.10000000
     132     137       1    210.00263004    148.74929788      0.10000000
     132     138       1    260.62765589    143.25555946      0.10000000
     132     139       1    274.84464468    156.84276694      0.10000000
     132     142       1    384.26410320    174.94999624      0.10000000
     132     144       1    440.64791636    178.24908776      0.10000000
     132     147       1    485.57547360    129.00707002      0.10000000
     133     134       1    124.06806299    102.77652952      0.10000000
     133     135       1    104.07885951    100.30943036      0.10000000
     133     136       1    185.31583600    109.60013490      0.10000000
     133     137       1    130.23640057    156.90646806      0.10000000
     133     138       1    265.31248171    127.22465241      0.10000000
     133     139       1    198.74226832    164.87713684      0.10000000
     133     140       1    259.75365085    148.51664033      0.10000000
     133     141       1    304.13876395    142.04073852      0.10000000
     133     142       1    335.81394182    162.57714381      0.10000000
     133     144       1    389.35475221    170.36328673      0.10000000
     133     147       1    414.97191328    127.88377080      0.10000000
     133     149       1    499.14314428    167.68248354      0.10000000
     134     110       1    333.18457885    172.43377214      0.10000000
     134     137       1    105.34225156    146.19622020      0.10000000
     134     138       1    347.57007710    113.52294126      0.10000000
     134     139       1    172.81748521    165.07559957      0.10000000
     134     140       1    183.67719147    170.05046306      0.10000000
     134     142       1    352.85267356    141.46496195      0.10000000
     134     148       1    383.83293528    173.57365961      0.10000000
     134     149       1    473.69718517    167.91463376      0.10000000
     135     136       1     82.83363265    111.50605666      0.10000000
     135     142       1    303.22690229    177.36878469      0.10000000
     135     144       1    355.49823161    172.40634919      0.10000000
     135     146       1    384.92991606    142.09338828      0.10000000
     135     148       1    417.54776711    176.75176791      0.10000000
     135     149       1    513.58365094    167.31068472      0.10000000
     136     138       1    115.61955829    166.36869866      0.10000000
     136     139       1    286.23208474    134.77349102      0.10000000
     136     141       1    193.15370854    172.28678883      0.10000000
     136     146       1    414.99250864    162.62187035      0.10000000
     136     147       1    443.71969368    156.29685028      0.10000000
     136     148       1    469.09493677    178.11784496      0.10000000
     137       5       1    406.31274050      8.64959150      0.10000000
     137       7       1    287.39046392     91.21456545      0.10000000
     137     110       1    232.92587110    173.79740125      0.10000000
     137     138       1    273.08578417    100.58907624      0.10000000
     137     139       1     71.51909347    179.68531294      0.10000000
     137     142       1    245.05030885    139.89481060      0.10000000
     137     144       1    305.11369443    147.32975361      0.10000000
     137     145       1    266.48838428    143.42284622      0.10000000
     137     146       1    255.39135653    132.63120892      0.10000000
     137     148       1    282.74320662    174.14883546      0.10000000
     137     150       1    493.45020859    151.72708421      0.10000000
     138     140       1    388.95560780    110.75528312      0.10000000
     138     141       1     87.03431593    153.87148987      0.10000000
     138     142       1    204.21773394    134.87879688      0.10000000
     138     144       1    224.54322467    142.36594891      0.10000000
     138     146       1    321.14788540    143.81172239      0.10000000
     138     148       1    402.33446538    149.74420100      0.10000000
     138     149       1    498.66944905    158.71825569      0.10000000
     139     140       1    108.26992944    100.18306058      0.10000000
     139     144       1    245.03464850    126.76866266      0.10000000
     139     145       1    192.17468927    140.43587682      0.10000000
     139     146       1    184.53603215    130.12941367      0.10000000
     139     147       1    227.15961254    124.49775111      0.10000000
     139     148       1    204.09611156    173.47548362      0.10000000
     139     149       1    299.60220199    168.03524070      0.10000000
     140     144       1    338.20543190    111.76508429      0.10000000
     140     146       1    258.56826348    119.88665322      0.10000000
     140     147       1    300.09577791    118.36443632      0.10000000
     140     148       1    270.33912474    164.49748330      0.10000000
     141       2       1    194.40758200    153.84775305      0.10000000
     141       3       1    649.02686121    114.77717018      0.10000000
     141       7       1    544.76608814     87.26343213      0.10000000
     141       9       1    264.90268541    117.00576268      0.10000000
     141      36       1    721.35191271     84.98069824      0.10000000
     141      37       1    707.27761610     76.32273144      0.10000000
     141      39       1    735.46559119     48.30478549      0.10000000
     141      39       2    855.50100940    103.82416909      0.10000000
     141      39       3    861.92330430     93.42890444      0.10000000
     141      41       1    667.20831753     48.29111102      0.10000000
     141      49       1    668.87334167     80.84851744      0.10000000
     141     110       1    285.24444522    130.15392525      0.10000000
     141     142       1    119.27742229    131.02327762      0.10000000
     141     144       1    142.14019977    146.21865817      0.10000000
     141     146       1    236.08197018    142.35453062      0.10000000
     141     148       1    322.15026198    148.63380280      0.10000000
     141     149       1    415.84809686    158.23988328      0.10000000
     141     150       1    543.30100569    142.67139136      0.10000000
     141     150       2    591.33784379     78.35562265      0.10000000
     141     150       3    605.34897539    108.64642437      0.10000000
     142     144       1     56.38297743    155.72245755      0.10000000
     142     146       1    118.13139353    148.60282925      0.10000000
     142     147       1    143.91269942    171.63705897      0.10000000
     142     148       1    201.48023635    149.35372242      0.10000000
     142     149       1    297.02901576    158.56265659      0.10000000
     143       2       1    249.48364488    106.50493130      0.10000000
     143       3       1    871.32801900    108.68226300      0.10000000
     143       5       1    562.48748029      8.21669232      0.10000000
     143       9       1    475.49955312    101.91101848      0.10000000
     143      34       1    693.82789644     94.68506178      0.10000000
     143      37       1    937.98333804     75.46453226      0.10000000
     143      49       1    885.82992355     78.82777945      0.10000000
     143      74       1    954.00882920     48.13724167      0.10000000
     143      74       2    997.01300499     94.93216313      0.10000000
     143      74       3   1032.71612237     82.70438186      0.10000000
     143     110       1     72.36960695    172.35251467      0.10000000
     143     150       1    336.34001723    151.16660908      0.10000000
     143     208       1    285.09391617    124.81275335      0.10000000
     144       2       1    100.65393754    163.92614124      0.10000000
     144       3       1    697.87315361    102.88989701      0.10000000
     144       9       1    292.64276283     95.67210268      0.10000000
     144     110       1    170.38571791    103.52395760      0.10000000
     144     146       1    106.08675318    114.57818516      0.10000000
     144     147       1    113.14707756    142.65525985      0.10000000
     144     149       1    284.21617594    154.29805587      0.10000000
     145       1       1    219.89236705     80.65006877      0.10000000
     145       2       1    317.87276487     89.89715486      0.10000000
     145       5       1    672.36877254      8.60028629      0.10000000
     145       7       1    332.31729624     31.64494357      0.10000000
     145       9       1    567.54478374     85.32484960      0.10000000
     145      36       1   1063.08070441     82.52936805      0.10000000
     145      37       1   1048.99535030     74.89992369      0.10000000
     145      38       1   1092.36456527     57.27177197      0.10000000
     145      38       2   1258.09056860    104.61550755      0.10000000
     145      38       3   1270.98374415     80.76945483      0.10000000
     145      38       4   1280.12521968     92.74386867      0.10000000
     145      38       5   1278.55004131     89.01703006      0.10000000
     145      39       1   1082.63958158     46.12962065      0.10000000
     145      39       2   1215.04244560    106.04087148      0.10000000
     145      39       3   1242.25092728     95.35906414      0.10000000
     145      39       4   1241.24295453     85.33452703      0.10000000
     145      39       5   1246.43368898     89.72236802      0.10000000
     145      41       1   1014.33823114     44.84794840      0.10000000
     145      41       2   1170.38011115    106.35983107      0.10000000
     145      41       3   1178.63687441     84.96539244      0.10000000
     145     146       1    185.09471883     84.90650626      0.10000000
     145     147       1    207.86970787     95.46368223      0.10000000
     145     148       1    140.97708163    126.13397356      0.10000000
     145     150       1    259.61039501    169.40870737      0.10000000
     145     208       1    165.31880073    135.06507711      0.10000000
     146       1       1    402.91689297     77.97629545      0.10000000
     146       3       1    797.25312970     85.25789410      0.10000000
     146       5       1    657.09588853      7.93828237      0.10000000
     146       7       1    481.55698004     72.97386116      0.10000000
     146       9       1    388.95224104     88.49621717      0.10000000
     146      34       1    617.01417151     89.43978457      0.10000000
     146      36       1    880.16867712     83.29289950      0.10000000
     146      37       1    872.85223957     75.20822625      0.10000000
     146      38       1    909.67776441     57.33565532      0.10000000
     146      39       1    901.96603352     46.41238600      0.10000000
     146      49       1    798.77829940     73.34733029      0.10000000
     146     147       1     45.67265304    139.20885302      0.10000000
     146     148       1     85.19836812    141.91862030      0.10000000
     146     149       1    180.24346491    157.06511880      0.10000000
     146     150       1    309.90528970    141.25357969      0.10000000
     147       1       1    424.35201807     75.59785819      0.10000000
     147       2       1    107.79247309     92.87379478      0.10000000
     147       3       1    769.41558977     80.60631575      0.10000000
     147       5       1    702.33682691      8.12640679      0.10000000
     147       7       1    520.27747561     71.37778342      0.10000000
     147       9       1    363.48218146     85.14189672      0.10000000
     147      34       1    586.38554891     87.12653036      0.10000000
     147      36       1    856.50741384     82.45609629      0.10000000
     147      37       1    847.96408027     74.65241310      0.10000000
     147      39       1    875.67442119     46.27101850      0.10000000
     147      41       1    810.07667677     44.59105271      0.10000000
     147      49       1    762.29050860     70.15658836      0.10000000
     147      74       1    872.55206681     43.82665170      0.10000000
     147     149       1    180.40240993    149.97913662      0.10000000
     147     150       1    307.94750563    137.12977947      0.10000000
     147     208       1    319.72229017    105.67944805      0.10000000
     148       2       1    192.02699361     79.51557779      0.10000000
     148       3       1    854.32161675     70.63435117      0.10000000
     148       5       1    688.36040620      8.22440053      0.10000000
     148       7       1    470.67421655     29.65217692      0.10000000
     148       9       1    445.58920295     83.11222736      0.10000000
     148      34       1    670.81723284     84.96449089      0.10000000
     148      36       1    945.28160445     82.18812607      0.10000000
     148      37       1    935.42216794     74.42143253      0.10000000
     148      49       1    842.81845090     68.18685193      0.10000000
     148      74       1    958.82670814     42.50933942      0.10000000
     148      74       2   1076.64365248     92.36150979      0.10000000
     148      74       3   1082.48209273     87.69222706      0.10000000
     148     149       1     95.54208410    160.36294867      0.10000000
     149       9       1    518.84003336     73.12536931      0.10000000
     149       9       2    525.12232112     79.63020964      0.10000000
     149       9       3    525.70871393     77.02900049      0.10000000
     149      34       1    732.46813965     39.68156952      0.10000000
     149      34       2    742.14771474     70.01027120      0.10000000
     149      34       3    743.15607646     52.88640058      0.10000000
     149     110       1    142.58077741      9.00286652      0.10000000
     149     208       1    216.81110744     74.68595628      0.10000000
     150      43       1    176.53881075     64.58393182      0.10000000
     150      44       1    187.11835686     67.51033359      0.10000000
     150      45       1    162.80522965     71.13585118      0.10000000
     150      46       1    167.80152200     74.50872980      0.10000000
     150      47       1    149.87466516     76.00085107      0.10000000
     150      48       1    149.33945207     81.38920952      0.10000000
     150     208       1    161.16708508     28.69542588      0.10000000
     151     130       1    291.30430595     52.28345867      0.10000000
     151     144       1    457.23074867    141.77644864      0.10000000
     151     146       1    533.88912982    143.14972270      0.10000000
     151     146       2    549.71317489    153.37800528      0.10000000
     151     146       3    549.97909124    163.05315554      0.10000000
     151     147       1    568.00243342    137.76018459      0.10000000
     151     147       2    579.43843106    131.38308118      0.10000000
     151     147       3    590.08948382    159.06464220      0.10000000
     151     149       1    663.49879378    167.35015311      0.10000000
     151     155       1    662.15116915    116.78813378      0.10000000
     151     162       1    592.06678213    108.00401564      0.10000000
     151     163       1    578.13155769    105.96064994      0.10000000
     151     167       1    693.59242329    108.95997661      0.10000000
     151     168       1    581.09179846    118.70559145      0.10000000
     151     169       1    745.32256567    103.59403699      0.10000000
     151     169       2    762.41376499     78.07559105      0.10000000
     151     169       3    765.93289744     80.98287906      0.10000000
     151     170       1    546.09145546    111.79353455      0.10000000
     151     171       1    672.26584379     95.88780073      0.10000000
     151     171       2    686.47493405    118.86271617      0.10000000
     151     171       3    686.89528756    112.67625803      0.10000000
     151     172       1    758.66557569    102.04063193      0.10000000
     151     173       1    575.67220389    107.22159670      0.10000000
     151     175       1    615.82486210    121.01168121      0.10000000
     151     176       1    725.55706105    100.91314864      0.10000000
     151     191       1    633.64547157    104.86557528      0.10000000
     151     192       1    599.71557292    107.03329242      0.10000000
     152     154       1     42.23066093     86.87324044      0.10000000
     152     155       1     61.15048636     77.68901935      0.10000000
     152     156       1     59.44582771    100.78900387      0.10000000
     152     157       1    139.77470508    105.73763996      0.10000000
     153     155       1     43.61020505     78.95824024      0.10000000
     153     156       1     43.86217888    108.66857432      0.10000000
     153     157       1    130.39479469    108.30563831      0.10000000
     154     157       1    103.01541578    111.80610790      0.10000000
     155     157       1     93.68166858    120.51374321      0.10000000
     158     130       1    882.73617467     39.09619449      0.10000000
     158     131       1    935.02544592     57.05553652      0.10000000
     158     132       1    768.56133160     53.80913134      0.10000000
     158     133       1    778.98856534     55.15862796      0.10000000
     158     135       1    684.73693468     55.63130846      0.10000000
     158     139       1    745.50585264     79.99338218      0.10000000
     158     144       1    545.19197021     94.67536949      0.10000000
     158     146       1    647.90084579     84.79853839      0.10000000
     158     147       1    619.90827019     90.98674819      0.10000000
     158     148       1    703.23730449    102.79972292      0.10000000
     158     149       1    758.20871287     68.05565258      0.10000000
     158     159       1     46.99053015     80.70305505      0.10000000
     158     161       1     83.81976820     45.79351320      0.10000000
     159     131       1    922.80360362     57.80603696      0.10000000
     159     132       1    758.64211787     55.19513578      0.10000000
     159     135       1    676.65589712     57.46438191      0.10000000
     159     140       1    845.27299523     92.04506900      0.10000000
     159     144       1    550.00588951     96.70500177      0.10000000
     159     145       1    829.29744700     74.71368685      0.10000000
     159     146       1    649.55909612     87.83300944      0.10000000
     159     147       1    625.29145701     92.53701623      0.10000000
     159     148       1    710.55671975    106.51062267      0.10000000
     159     149       1    785.32428082     85.88480645      0.10000000
     159     149       2    787.30549693    128.50839020      0.10000000
     159     149       3    786.78480762    119.60630136      0.10000000
     159     149       4    795.32288399     68.49583159      0.10000000
     159     149       5    798.07607915     74.94307997      0.10000000
     159     160       1     69.47537661    118.49675132      0.10000000
     160     131       1    867.76451253     57.20554145      0.10000000
     160     132       1    705.71290623     53.36043824      0.10000000
     160     135       1    624.65297057     55.49005037      0.10000000
     160     144       1    487.24794909     94.91016340      0.10000000
     160     145       1    766.96445413     74.02571722      0.10000000
     160     146       1    586.52416531     84.64504955      0.10000000
     160     147       1    558.79708600     90.11778560      0.10000000
     160     148       1    646.50176913    105.02299726      0.10000000
     160     149       1    716.38208783     84.74042657      0.10000000
     160     149       2    730.30913469     68.93311183      0.10000000
     160     149       3    730.21823395     73.69032445      0.10000000
     160     161       1     50.32708514    117.43491166      0.10000000
     161     130       1    809.57414602     39.20038285      0.10000000
     161     131       1    860.79078430     58.73406359      0.10000000
     161     132       1    692.47833523     54.38428224      0.10000000
     161     133       1    708.78387178     55.73536687      0.10000000
     161     135       1    615.98233064     56.79369295      0.10000000
     161     137       1    707.16954158     63.28778894      0.10000000
     161     140       1    786.95629143     92.14345710      0.10000000
     161     144       1    486.09122161     96.99606107      0.10000000
     161     145       1    771.10235219     74.15460049      0.10000000
     161     146       1    590.38646389     87.89961219      0.10000000
     161     147       1    562.00114010     92.25319721      0.10000000
     161     148       1    652.82583427    106.14110005      0.10000000
     161     149       1    726.69466169     87.80687651      0.10000000
     161     149       2    727.48960041    130.97746328      0.10000000
     161     149       3    730.84717685    115.71617620      0.10000000
     162     130       1    805.53764190     40.53524634      0.10000000
     162     132       1    693.20283930     55.08692221      0.10000000
     162     134       1    792.52480248     68.66266235      0.10000000
     162     135       1    613.98634851     55.04462260      0.10000000
     162     137       1    699.02847352     63.26406225      0.10000000
     162     144       1    480.88275957     96.14026932      0.10000000
     162     145       1    761.82891526     74.79237191      0.10000000
     162     146       1    581.98096930     86.12983627      0.10000000
     162     147       1    553.57453094     91.15440060      0.10000000
     162     148       1    641.40174371    105.73536900      0.10000000
     162     149       1    718.23060429     85.05208454      0.10000000
     162     149       2    721.64513736    123.42500843      0.10000000
     162     149       3    721.09200099    129.80772125      0.10000000
     162     149       4    747.09171155     71.90379012      0.10000000
     162     149       5    748.27508272     71.92499997      0.10000000
     162     163       1     74.07701545      4.01049877      0.10000000
     163     130       1    801.17612081     39.77738238      0.10000000
     163     131       1    853.22886181     63.56635671      0.10000000
     163     135       1    606.89286567     59.75039567      0.10000000
     163     137       1    706.36163240     64.94253620      0.10000000
     163     140       1    785.50499024     92.78047624      0.10000000
     163     141       1    440.29881395     70.65456902      0.10000000
     163     144       1    489.41702847     98.76332256      0.10000000
     163     145       1    772.15131453     76.30252490      0.10000000
     163     146       1    589.85182042     89.36616213      0.10000000
     163     147       1    564.76604738     93.12694910      0.10000000
     163     148       1    655.10052933    106.98989051      0.10000000
     164     130       1    927.58333322     39.59956469      0.10000000
     164     165       1     96.91543934     54.07081307      0.10000000
     164     166       1    158.29300770     59.73616697      0.10000000
     165     130       1    841.75359386     40.01990486      0.10000000
     165     131       1    893.64924448     59.44400131      0.10000000
     165     133       1    741.92940150     56.41983473      0.10000000
     165     135       1    647.91664858     57.07622349      0.10000000
     165     137       1    739.87488757     63.55289628      0.10000000
     165     139       1    713.41601890     80.88242210      0.10000000
     165     141       1    476.52481730     68.88355242      0.10000000
     165     145       1    803.18383142     75.44257449      0.10000000
     165     146       1    624.10097779     88.52446086      0.10000000
     165     147       1    595.70911108     92.34642008      0.10000000
     165     148       1    683.65180238    106.67203866      0.10000000
     165     149       1    764.42636585     89.17309081      0.10000000
     165     149       2    763.51850184    134.71226982      0.10000000
     165     149       3    763.42055545    117.82022578      0.10000000
     165     149       4    797.57139593     69.18342238      0.10000000
     165     149       5    805.63657039     72.91642189      0.10000000
     166     130       1    786.38078461     40.95700377      0.10000000
     166     135       1    593.13949218     58.25308071      0.10000000
     166     141       1    425.14139621     70.70064226      0.10000000
     166     145       1    759.96867803     76.59729244      0.10000000
     168     169       1    164.75451342     89.24923475      0.10000000
     168     171       1    116.01867627    143.14617281      0.10000000
     168     172       1    226.96031109    132.74807542      0.10000000
     168     173       1    192.68323589    150.25769316      0.10000000
     168     174       1    256.43695087    171.15053734      0.10000000
     168     175       1    349.08753995    154.17952390      0.10000000
     168     176       1    340.49602423    165.85585661      0.10000000
     168     177       1    394.74327716    149.91648284      0.10000000
     168     186       1    303.72537213    160.21349647      0.10000000
     168     187       1    289.78047037    166.46097818      0.10000000
     168     188       1    276.50028739    173.33508500      0.10000000
     168     189       1    268.05718242    179.93308447      0.10000000
     168     190       1    278.70154758    164.54132418      0.10000000
     168     192       1    276.61731351    154.93864459      0.10000000
     169     171       1    116.10509339    131.94478863      0.10000000
     169     172       1    162.45433021    178.95614413      0.10000000
     169     173       1    277.74188377    126.24155614      0.10000000
     169     174       1    258.12339400    164.40611412      0.10000000
     169     175       1    395.83854659    126.43246792      0.10000000
     169     176       1    351.65208828    149.78103815      0.10000000
     169     185       1    295.87358829    176.56177801      0.10000000
     169     186       1    294.20691852    178.74178670      0.10000000
     169     187       1    284.42381856    173.15153137      0.10000000
     169     188       1    279.04216642    165.53845845      0.10000000
     169     189       1    279.07190045    158.10018637      0.10000000
     169     191       1    328.79773039    131.82515182      0.10000000
     170     171       1    127.78885724     89.57694742      0.10000000
     170     172       1    210.99989084    102.79085729      0.10000000
     170     173       1     86.68430669    162.53080308      0.10000000
     170     174       1    201.08968543    153.34302319      0.10000000
     170     176       1    268.95977189    177.90237743      0.10000000
     170     177       1    339.81053429    143.26245628      0.10000000
     170     188       1    218.75149900    158.02866148      0.10000000
     170     189       1    207.18055204    163.88913649      0.10000000
     170     190       1    196.49094966    178.87809928      0.10000000
     170     191       1    189.24398237    169.80321285      0.10000000
     170     192       1    177.64980693    164.67988453      0.10000000
     171     172       1    107.93291184    131.24336268      0.10000000
     171     173       1    166.06763967    122.42553521      0.10000000
     171     174       1    160.53229172    176.09549644      0.10000000
     171     175       1    282.06061825    130.10021109      0.10000000
     171     176       1    249.09898191    155.82467214      0.10000000
     171     177       1    288.39763804    154.79366664      0.10000000
     171     185       1    207.10204444    160.47535298      0.10000000
     171     186       1    200.41410274    168.23914317      0.10000000
     171     187       1    186.96500817    175.32925641      0.10000000
     171     188       1    177.60576688    175.59493374      0.10000000
     171     189       1    177.49535838    167.06966988      0.10000000
     171     190       1    196.78077594    146.91934254      0.10000000
     171     191       1    218.23743848    135.32952200      0.10000000
     171     192       1    229.36070045    131.93229043      0.10000000
     171     194       1    116.25381212    135.30667676      0.10000000
     171     195       1    130.16207277    131.19594214      0.10000000
     171     196       1    141.21845324    127.97525390      0.10000000
     172     173       1    215.50902098     98.22580149      0.10000000
     172     174       1    125.32578040    140.24340803      0.10000000
     172     175       1    278.64562024    110.25966422      0.10000000
     172     176       1    207.28151339    136.24712810      0.10000000
     172     185       1    136.16879719    172.12076603      0.10000000
     172     186       1    137.96345176    164.10120413      0.10000000
     172     187       1    136.85054999    155.03864107      0.10000000
     172     188       1    138.57903640    145.79723027      0.10000000
     172     189       1    145.16066886    137.60241851      0.10000000
     172     190       1    186.57850074    123.29054901      0.10000000
     172     191       1    219.00757655    113.35450644      0.10000000
     172     192       1    243.58478201    109.30267106      0.10000000
     173     176       1    217.35900770    163.80359686      0.10000000
     174     175       1    168.06577663     96.85273271      0.10000000
     174     176       1     89.75227336    144.32716917      0.10000000
     174     177       1    138.94586633    142.51173230      0.10000000
     174     189       1     23.23155635    125.90384759      0.10000000
     174     190       1     75.68304898    101.21840419      0.10000000
     174     192       1    155.55472525     85.81403257      0.10000000
     174     193       1     92.88163530     31.74904679      0.10000000
     174     194       1    103.62137079     48.74636497      0.10000000
     174     195       1    115.07349287     57.26063184      0.10000000
     174     196       1    132.64442994     63.99695537      0.10000000
     174     197       1    151.41638429     71.24667363      0.10000000
     174     198       1     90.73972261    103.56591240      0.10000000
     175     176       1    110.52304977     99.08192109      0.10000000
     175     177       1    222.65331418    105.87792302      0.10000000
     175     186       1    183.12113978     76.37049532      0.10000000
     175     187       1    172.85706856     72.55123781      0.10000000
     175     188       1    157.88600575     70.00520752      0.10000000
     175     189       1    141.15984474     66.75959631      0.10000000
     175     190       1     95.04158512     58.28589151      0.10000000
     175     191       1     69.58591355     32.28431534      0.10000000
     175     192       1     74.20413320      9.50227250      0.10000000
     175     193       1    193.31304429     27.57778656      0.10000000
     175     194       1    172.60284258     22.57272890      0.10000000
     175     195       1    164.12133466     17.44868690      0.10000000
     175     196       1    161.23120593     11.82262988      0.10000000
     175     197       1    157.60893592      6.38887664      0.10000000
     175     198       1    236.79705148     72.31500718      0.10000000
     176     177       1    116.37291484    111.19255341      0.10000000
     176     186       1     82.23438940     58.56266702      0.10000000
     176     187       1     77.48811112     44.77673061      0.10000000
     176     188       1     75.15776449     30.04933423      0.10000000
     176     189       1     70.75950420     14.16279542      0.10000000
     176     190       1     78.18161222     25.54669889      0.10000000
     176     191       1    116.16880848     38.98816534      0.10000000
     176     192       1    152.03815427     39.69599327      0.10000000
     176     193       1    173.42357368     11.26208253      0.10000000
     176     194       1    167.58728442    170.76115825      0.10000000
     176     195       1    174.50812698     30.02152451      0.10000000
     176     196       1    188.54648674     36.94964842      0.10000000
     176     197       1    197.08069609     42.58035248      0.10000000
     177     185       1     83.58552487      7.07562731      0.10000000
     177     186       1     88.31898163     19.65511896      0.10000000
     177     187       1    108.02001537     24.20583337      0.10000000
     177     189       1    139.17647056     37.80867036      0.10000000
     177     190       1    175.99997956     53.37092123      0.10000000
     177     191       1    226.27145352     54.57602883      0.10000000
     177     192       1    259.37896574     52.38624719      0.10000000
     177     193       1    234.04899358     32.89197736      0.10000000
     177     194       1    241.23137052     43.82207429      0.10000000
     177     195       1    253.49733531     49.88888352      0.10000000
     177     196       1    264.09318440     55.45876635      0.10000000
     177     197       1    284.71512625     61.28499372      0.10000000
     178       2       1    497.74424305    144.58447705      0.10000000
     178       5       1    468.88390830     14.83459315      0.10000000
     178       7       1    600.46287128     95.27623145      0.10000000
     178       8       1    332.35254543     65.21683223      0.10000000
     178       9       1    465.87702820    153.50162850      0.10000000
     178      18       1    360.33321098     68.20219612      0.10000000
     178      19       1    303.24313289     75.62429991      0.10000000
     178      22       1    242.93979145     22.52895009      0.10000000
     178      23       1    299.12238000     54.71412202      0.10000000
     178      25       1    349.87392379     51.48195558      0.10000000
     178      28       1    364.80729375     59.76545699      0.10000000
     178      30       1    394.13399663     70.35638905      0.10000000
     178      31       1    462.11519983     95.26634652      0.10000000
     178      32       1    258.01549984     60.18829286      0.10000000
     178      34       1    637.20745987    106.28481736      0.10000000
     178      43       1    708.00282338    158.70646255      0.10000000
     178      43       2    717.42953701    100.31727658      0.10000000
     178      43       3    767.33497105    179.20073396      0.10000000
     178      48       1    742.71560447    110.47370171      0.10000000
     178      48       2    754.33768468    173.46380839      0.10000000
     178      48       3    820.55081387    169.12954132      0.10000000
     178      93       1    330.01844007     11.22300682      0.10000000
     178      94       1    247.10615096    173.93638428      0.10000000
     178      97       1    157.61181965     17.08682064      0.10000000
     178      98       1    239.28730692     72.32739446      0.10000000
     178      99       1    145.79381262    129.50467396      0.10000000
     178     100       1    212.55164744    172.93368970      0.10000000
     178     101       1    213.37007652    172.94684686      0.10000000
     178     104       1    354.68531652    176.97206709      0.10000000
     178     105       1    355.68098576    153.75107727      0.10000000
     178     106       1    523.90637190    143.81329170      0.10000000
     178     108       1    487.43619991    174.52046255      0.10000000
     179     180       1     49.71881883      7.39407285      0.10000000
     179     181       1     69.06044106     59.52429029      0.10000000
     179     182       1     91.21343150     43.56409585      0.10000000
     179     183       1    111.83092212    158.76437532      0.10000000
     179     184       1    146.99997555    109.47545309      0.10000000
     180     182       1     43.15961751     14.67397395      0.10000000
     180     183       1     61.81357353      1.47519915      0.10000000
     180     184       1    100.15152970    114.05915531      0.10000000
     181     183       1     42.19854573      9.82666222      0.10000000
     181     184       1     79.15093911     12.20929405      0.10000000
     182     183       1     23.07810474     19.33201019      0.10000000
     182     184       1     59.77145788     16.30639782      0.10000000
     185     189       1     77.20069579     67.81825957      0.10000000
     185     191       1    182.87297471     74.21657348      0.10000000
     185     192       1    218.73004179     72.64055636      0.10000000
     185     198       1     34.76359382     57.63995510      0.10000000
     186     189       1     57.73825171     62.52696511      0.10000000
     186     190       1    109.17530785     74.68857413      0.10000000
     186     191       1    161.51274295     73.12016205      0.10000000
     186     192       1    198.23858077     71.21689854      0.10000000
     187     190       1     92.30362640     80.17700091      0.10000000
     187     191       1    140.65939870     77.14259480      0.10000000
     187     192       1    179.64907474     74.58064967      0.10000000
     187     198       1     65.10387754     83.06385371      0.10000000
     188     191       1    124.12288231     79.43192127      0.10000000
     188     192       1    156.87941701     76.03763612      0.10000000
     188     198       1     83.99730066     89.08787826      0.10000000
     193     196       1     61.21304936    101.87625247      0.10000000
     193     197       1     79.80594115    101.77252242      0.10000000
     199     200       1     83.30588932     86.59323352      0.10000000
     199     201       1    159.53406608    173.24941170      0.10000000
     199     202       1    162.09818695    171.38885045      0.10000000
     199     203       1    177.78745525     75.13599330      0.10000000
     200     201       1    148.83324484    162.55325877      0.10000000
     200     202       1    171.88366128    144.14970346      0.10000000
     200     203       1     96.69313233     81.32911747      0.10000000
     201     202       1     53.65844576     90.57344399      0.10000000
     204     100       1    723.78175058     33.32061779      0.10000000
     204     100       2    807.16764231      8.68122998      0.10000000
     204     100       3    812.09522975      9.33953762      0.10000000
     204     101       1    722.56686046     33.31946285      0.10000000
     204     101       2    804.00242801      8.67219956      0.10000000
     204     101       3    812.52988569      9.32872715      0.10000000
     204     102       1    866.75120972     57.67862811      0.10000000
     204     102       2    882.24677542     52.99910446      0.10000000
     204     102       3    893.57994006     54.74967845      0.10000000
     204     104       1    615.17939632     46.73313145      0.10000000
     204     104       2    667.97801346     14.60936755      0.10000000
     204     104       3    668.74092929     17.11971363      0.10000000
     204     105       1    567.21672669     49.75163864      0.10000000
     204     105       2    686.89048124     18.88465522      0.10000000
     204     105       3    688.26406902     16.82573245      0.10000000
     204     106       1    831.32451299     86.34886788      0.10000000
     204     106       2    834.06019536     97.07413947      0.10000000
     204     106       3    852.78925373     91.89790411      0.10000000
     204     109       1    481.06260094     77.78364246      0.10000000
     204     109       2    522.30344224     14.56433479      0.10000000
     204     109       3    522.84973160     14.75813577      0.10000000
     205     206       1    116.48895221     47.83561576      0.10000000
     205     207       1    183.32994006     42.54381957      0.10000000
     208      43       1    297.56474152    113.74659349      0.10000000
     208      44       1    323.57908267    111.45588500      0.10000000
     208      47       1    295.28766405    106.72061982      0.10000000
     208      48       1    301.77007136    101.44126939      0.10000000
